1
2
3
4
16
18
39
41
50
64
74
78
88
91
100
113
114
119
124
126
127
128
129
133
135
149
163
215
218
231
233
237
238
281
282
283
330
336
350
357
361
365
406
476
497
500
521
567
568
594
610
623
645
648
652
654
715
750
780
854
889
895
924
927
944
945
949
970
1020
1074
1084
1101
1105
1184
1218
1220
1221
1223
1226
1229
1233
1247
1250
1254
1255
1257
1260
1265
1266
1293
1301
1309
1313
1319
1322
1324
1336
1342
1344
1345
1349
1358
1375
1379
1382
1385
1388
1390
1392
1396
1398
1407
1432
1445
1449
1453
1454
1462
1479
1480
1485
1486
1510
1512
1524
1527
1539
1551
1558
1559
1562
1564
1568
1570
1575
1576
1579
1580
1582
1585
1609
1614
1615
1639
1678
1684
1686
1689
1696
1700
1706
1708
1710
1715
1736
1737
1751
1753
1767
1769
1778
1779
1780
1793
1794
1798
1805
1837
1839
1845
1877
1917
1931
1938
1950
1953
1954
1955
1956
1966
1968
1969
1971
1980
1983
1984
1991
2001
2004
2005
2008
2013
2014
2015
2018
2046
2084
2114
2129
2152
