17
57
64
134
154
249
281
436
437
438
441
453
471
478
510
514
515
516
571
574
576
611
617
620
674
675
676
677
678
800
884
899
900
913
917
983
989
992
1037
1038
1039
1042
1073
1105
1143
1148
1149
1171
1185
1187
1201
1252
1289
1310
1321
1406
1422
1434
1436
1437
1442
1451
1508
1537
1538
1539
1543
1544
1545
1546
1626
1685
1686
1687
1702
1713
1714
1746
1747
1767
1768
1770
1774
1788
1790
1807
1809
1810
1811
1827
1829
1845
1867
1873
1877
1910
1926
1927
1943
1951
1952
2036
2040
2046
2071
2076
2078
2136
2162
2205
2208
2253
2255
2256
2606
2751
2752
2753
2754
2756
2783
2784
2785
2836
2916
2919
2941
3010
3200
3209
3233
3247
3273
3274
3286
3292
3298
3299
3300
3301
3302
3303
3304
3306
3335
3337
3338
3339
3342
3343
3346
3352
3357
3392
3411
3415
3416
3419
3429
3445
3476
3480
3535
3555
3556
3558
3563
3571
3579
3591
3592
3594
3608
3611
3618
3619
3620
3623
3629
3630
3632
3636
3646
3650
3652
3657
3658
3666
3670
3725
3743
3746
3895
3923
3924
3935
4109
4113
4117
4121
