14
18
53
55
72
84
90
134
154
236
249
274
279
312
333
359
361
362
375
415
416
438
441
459
500
516
529
538
597
621
624
635
641
674
678
691
750
794
855
917
920
926
939
1014
1037
1038
1042
1057
1060
1073
1086
1089
1109
1129
1130
1170
1185
1229
1264
1320
1330
1395
1420
1435
1476
1493
1521
1522
1537
1538
1543
1551
1557
1566
1571
1578
1579
1580
1584
1667
1685
1694
1712
1713
1727
1731
1732
1742
1757
1767
1793
1794
1795
1803
1809
1814
1844
1846
1847
1856
1873
1893
1896
1910
1927
1937
1940
1943
1945
1948
1952
1974
1985
1986
1996
2006
2039
2040
2053
2071
2091
2104
2105
2127
2135
2136
2142
2162
2243
2250
2257
2260
2602
2646
2650
2676
2683
2684
2709
2718
2721
2723
2756
2764
2779
2873
2902
2911
2914
2939
3079
3132
3139
3146
3154
3233
3247
3251
3298
3300
3301
3304
3335
3337
3338
3339
3382
3411
3429
3431
3433
3439
3444
3450
3456
3480
3486
3490
3541
3553
3555
3588
3597
3618
3623
3643
3692
3717
3739
3743
3769
3770
3771
3790
3806
3809
3814
3925
3995
4001
