145
151
275
305
307
309
356
397
411
422
423
424
425
433
435
443
444
584
591
643
646
702
708
722
774
898
900
962
972
978
996
1029
1055
1324
1342
1343
1366
1392
1394
1441
1772
1924
2136
2424
2426
2427
2428
2480
2484
2502
2525
2547
2567
2568
2571
2619
2622
2627
2684
2695
2697
2699
2711
2718
2720
2724
2725
2727
2729
2733
2734
2762
2763
2789
2791
2793
2812
2831
2874
2875
2876
2877
2878
2916
2917
2918
2919
2927
2929
2932
2933
2947
2949
2950
3014
3022
3026
3042
3066
3101
3102
3104
3161
3203
3204
3221
3371
3372
3377
3385
3389
3392
3393
3538
3539
3541
3542
3544
3546
3548
3549
3559
3565
3579
3583
3585
3588
3592
3593
3597
3604
3609
3619
3633
3678
3686
3694
3695
3696
3698
3706
3708
3712
3715
3716
3717
3719
3721
3724
3725
3728
3731
3781
3819
3820
3821
3823
3948
3951
3954
3990
4088
4145
4200
4212
4415
4419
4508
4533
4541
4637
4682
4686
4691
4715
4758
4763
4821
4826
4829
4878
4948
5022
5067
5124
5125
5257
5259
5265
5268
5269
5319
5397
5398
5399
5644
5646
5772
5850
5892
