1
24
100
133
194
209
217
224
225
236
269
305
361
365
398
437
439
549
643
670
686
699
727
744
745
962
963
964
977
1003
1005
1057
1085
1091
1102
1191
1219
1246
1257
1273
1345
1410
1413
1433
1434
1442
1450
1457
1466
1494
1545
1551
1600
1609
1647
1652
1683
1709
1720
1722
1731
1833
1840
1872
1900
1925
1980
1981
2021
2061
2099
2101
2102
2106
2129
2136
2142
2175
2203
2243
2316
2336
2374
2376
2383
2386
2409
2426
2439
2440
2469
2569
2609
2687
2788
2795
2806
2832
2855
2861
2875
2904
2916
2942
2969
3004
3060
3065
3218
3224
3271
3370
3374
3383
3396
3403
3461
3503
3520
3622
3725
3736
3754
3797
3889
3938
3939
4030
4031
4096
4115
4127
4129
4154
4225
4238
4265
4272
4298
4321
4328
4339
4423
4448
4522
4585
4587
4624
4630
4638
4663
4670
4691
4705
4734
4743
4754
4789
4803
4810
4822
4830
4855
4860
4905
4909
4952
4973
4974
4980
5000
5284
5286
5318
5321
5336
5340
5356
5359
5375
5427
5445
5455
5485
5495
5505
5525
5553
5569
5586
5600
5616
5661
5710
5736
5746
5754
5782
5786
5826
