9
10
11
12
33
52
77
78
124
153
209
212
214
405
506
558
560
561
562
563
586
587
588
590
623
665
666
667
691
692
694
720
721
723
724
857
875
897
898
935
971
984
992
1148
1151
1196
1237
1318
1326
1331
1340
1355
1398
1399
1400
1444
1455
1456
1458
1461
1518
1519
1520
1590
1591
1592
1593
1613
1625
1627
1642
1643
1671
1785
1897
1943
1961
1966
1994
1998
2010
2020
2047
2074
2119
2120
2122
2123
2124
2128
2129
2130
2142
2143
2144
2146
2147
2154
2155
2156
2157
2159
2177
2178
2199
2209
2213
2215
2218
2224
2229
2238
2242
2265
2269
2271
2277
2278
2283
2621
2623
2625
2626
2627
2642
2659
2663
2665
2667
2668
2670
2671
2672
2679
2681
2682
2683
2686
2688
2690
2691
2694
2695
2702
2708
2717
2737
2768
2772
2898
3125
3137
3152
3153
3522
3523
3525
3539
3540
3544
3545
3546
3552
3569
3580
3581
3582
3583
3585
3587
3589
3591
3594
3646
3656
3711
3777
3781
3783
3803
3812
3817
3819
3820
3913
3914
3917
3922
3923
3929
3932
3938
3944
3953
3967
3968
3970
3971
3973
4027
