17
21
52
80
153
212
214
279
280
283
322
340
359
373
405
411
451
502
504
506
525
536
558
560
562
563
564
565
582
583
588
596
602
610
613
648
651
666
669
677
683
689
710
802
850
851
861
897
906
912
938
942
955
975
985
1043
1044
1091
1093
1157
1174
1337
1383
1386
1387
1397
1402
1405
1411
1430
1461
1464
1465
1468
1489
1492
1495
1500
1519
1553
1585
1590
1591
1592
1597
1603
1627
1637
1643
1651
1682
1691
1701
1712
1724
1744
1754
1756
1785
1853
1908
1929
1943
1954
1956
1964
2056
2072
2074
2096
2129
2134
2154
2160
2175
2198
2224
2228
2237
2242
2243
2269
2278
2284
2316
2317
2473
2621
2625
2633
2640
2658
2663
2679
2681
2685
2765
2767
2830
2857
2858
2868
2869
2893
2906
2926
2933
2950
2953
2989
2998
3003
3014
3052
3147
3155
3169
3182
3234
3275
3433
3525
3535
3585
3593
3626
3632
3634
3650
3653
3654
3656
3658
3664
3677
3704
3713
3742
3744
3750
3785
3795
3800
3819
3827
3860
3865
3874
3879
3887
3902
3913
3923
3970
3997
4004
4017
4027
4029
4049
