12
19
20
21
24
29
32
36
38
39
42
43
48
52
54
57
62
67
69
76
83
91
99
104
112
119
122
124
127
129
134
136
141
156
176
211
216
221
231
251
252
253
274
279
293
315
316
402
423
535
538
539
543
558
565
659
782
838
848
866
898
907
921
934
942
1035
1070
1089
1090
1109
1170
1203
1218
1221
1224
1232
1254
1262
1269
1279
1280
1284
1286
1294
1374
1400
1420
1431
1454
1485
1497
1519
1520
1529
1540
1543
1545
1566
1574
1587
1595
1596
1605
1611
1613
1619
1635
1647
1650
1727
1729
1740
1744
1756
1781
1784
1788
1798
1801
1808
1809
1811
1831
1833
1838
1848
1854
1858
1860
1872
1875
1942
1946
1952
1976
1977
1986
2004
2008
2026
2028
2037
2053
2116
2195
2204
2220
2310
2324
2328
2330
2336
2338
2353
2379
2385
2387
2399
2407
2415
2427
2446
2452
2459
2505
2506
2510
2524
2526
2560
2574
2577
2598
2605
2607
2614
2621
2623
2673
2680
2686
2747
2759
2771
2772
2778
2786
2788
2795
2799
2800
2801
2803
2804
2813
2821
2845
2854
2859
2873
