19
44
45
61
64
68
80
83
100
120
123
126
133
161
173
187
195
198
205
212
218
225
226
235
243
250
255
264
270
314
323
324
329
338
416
417
443
454
485
516
545
571
572
591
598
606
614
652
658
676
696
731
743
744
808
827
843
884
887
898
910
914
931
939
1000
1004
1020
1023
1032
1038
1042
1050
1068
1089
1107
1116
1127
1131
1142
1146
1154
1166
1167
1170
1187
1210
1214
1225
1272
1310
1327
1334
1371
1374
1380
1395
1410
1428
1432
1445
1465
1467
1485
1516
1519
1524
1529
1536
1540
1561
1566
1568
1576
1579
1591
1599
1602
1649
1651
1659
1676
1694
1723
1750
1752
1756
1764
1774
1782
1803
1807
1814
1832
1835
1856
1857
1863
1866
1868
1882
1885
1908
1918
1920
1926
1944
1957
1967
1982
1996
2006
2021
2023
2030
2046
2082
2086
2106
2110
2120
2123
2132
2175
2188
2193
2200
2219
2221
2307
2314
2332
2335
2353
2366
2374
2377
2382
2395
2401
2444
2491
2526
2530
2536
2562
2577
2686
2721
2722
2727
2763
2769
2780
2784
2810
2846
2848
2850
2865
2869
