203
274
310
316
317
364
367
455
628
649
665
692
735
736
741
747
753
756
758
765
773
778
785
788
846
864
866
879
880
908
933
934
1017
1021
1023
1041
1175
1213
1236
1251
1306
1317
1351
1385
1431
1535
1537
1540
1543
1545
1606
1614
1643
1653
1659
1685
1704
1773
1798
1800
1807
1823
1825
1849
1852
1892
2097
2327
2518
2552
2562
2572
2591
2656
2698
2725
2774
2890
2919
2940
3098
3101
3121
3158
3189
3228
3229
3235
3254
3260
3262
3263
3268
3276
3297
3299
3376
3394
3416
3418
3438
3442
3443
3457
3483
3484
3485
3497
3507
3518
3538
3549
3560
3640
3643
3707
3792
3833
3874
3913
3914
3944
4011
4085
4087
4262
4295
4463
4493
4528
4532
4537
4590
4637
4649
4660
4798
4799
4807
4808
4811
4816
4817
4829
4845
4850
4857
4897
4963
5146
5148
5156
5185
5224
5257
5593
5760
5761
5871
5883
5984
6248
6296
6328
6342
6390
6410
6414
6460
6485
6487
6493
6538
6564
6731
6750
6794
6819
6932
7020
7183
7566
7568
7570
7772
7980
8206
8287
8355
8598
8727
8886
9031
9076
9099
9254
9365
9416
9587
9594
