46
72
128
138
149
198
204
230
250
256
299
305
326
384
395
436
474
531
539
540
575
625
655
664
665
677
714
760
885
886
965
993
1045
1075
1106
1144
1268
1282
1326
1353
1425
1608
1627
1635
1646
1742
1749
1753
1759
1764
1823
1866
1871
1873
1902
1943
1958
1974
1986
2015
2016
2047
2143
2226
2238
2379
2500
2507
2508
2558
2570
2585
2658
2695
2715
2754
2798
2905
3100
3154
3168
3212
3259
3271
3331
3410
3441
3478
3487
3570
3636
3692
3829
3862
3956
4040
4203
4379
4479
4508
4598
4633
4793
4860
4930
4984
5011
5048
5053
5119
5156
5174
5206
5240
5305
5319
5342
5368
5381
5418
5486
5497
5516
5639
5692
5707
5712
5727
5770
5818
5873
5927
6146
6306
6319
6329
6342
6348
6357
6470
6513
6550
6554
6559
6564
6567
6572
6610
6662
6806
6846
6937
6959
7026
7056
7097
7130
7186
7197
7246
7272
7378
7545
7576
7577
7633
7680
7702
7765
7804
7881
7930
7950
7968
8075
8113
8127
8226
8286
8304
8351
8372
8465
8486
8521
8533
8574
8587
8616
8647
8886
8933
8940
8967
8980
9045
9049
9064
9179
9483
